time,x,y,z,phi,theta,psi,x_velocity,y_velocity,z_velocity,phi_velocity,theta_velocity,psi_velocity,rotor_speed1,rotor_speed2,rotor_speed3,rotor_speed4
0.06,-1.3244377286340533e-05,1.710463103339797e-05,10.003607450093018,0.004705172545915737,0.0036810483996276844,0.0,-0.0008071775185878663,0.0010405198991940156,0.12024136019117247,0.022592049194880642,0.019851528610262126,0.0,442.45696652032245,444.0879273775082,442.3505538379761,444.2066570515996
0.12000000000000001,-0.00015345079363492155,0.00021772503033977723,10.016595056312394,0.011534845108762681,0.005000273565535451,0.0,-0.004015518547406603,0.006408611861725505,0.3126393428669515,0.0470500097530049,0.02275221098757576,0.0,465.7818139719418,466.0085364184575,463.8091785969571,465.72608431792486
0.18,-0.0005182321437765525,0.0008946149402725801,10.041237131723326,0.016548614181382426,0.00636620241950947,0.0,-0.008305125904758306,0.01671887276907735,0.50868751220329,0.062108033001780485,0.020312882482847273,0.0,465.57464143378684,465.3837716249864,467.00058786246996,468.17509545724363
0.23999999999999996,-0.0011399403611694334,0.0022241631170817266,10.072731634471909,0.021564444288701523,0.007815327199121924,0.0,-0.012547873852152532,0.028073205739026955,0.5411044972991832,0.04841119056746746,0.02450561008589066,0.0,415.0613596946855,415.4291523385105,415.80087725574833,414.6019550216376
0.3,-0.0020651992426334144,0.004371261192882394,10.108467172543266,0.024463184351980694,0.01023463213387199,0.0,-0.0185338314277405,0.0437969847978386,0.6500147928346558,0.046357180448122454,0.03404403778038879,0.0,439.79663546029644,440.58605170517455,440.1036405180859,439.9350336243076
0.36000000000000004,-0.003397102632286652,0.007537836764107645,10.150491274110957,0.033427368465686946,0.01240004098259817,0.0,-0.026080622302708786,0.06264267084067165,0.7507000507822059,0.07242169332382803,0.03686535510589866,0.0,436.91469142684247,437.15036351395315,437.21440900323404,439.3824476688575
0.4200000000000001,-0.0052199787888228145,0.011985466549768568,10.197995445013174,0.037768718137233925,0.014675734495894766,0.0,-0.03490562095263663,0.0860427350324416,0.8326967804330666,0.07023798272924932,0.038680642400188064,0.0,432.31899619566735,432.47260975746497,431.4836040671258,431.30336733122056
0.48000000000000015,-0.007688606810284119,0.01803839654832754,10.25338576625056,0.04197580790235822,0.023318671022406257,0.0,-0.04833548798460841,0.11619657548663906,1.013466926400511,0.06827709811494362,0.06505015203832788,0.0,462.0766455888309,464.15181203827626,462.47657093097723,462.32559412371216
0.5400000000000001,-0.011131407659849584,0.025956218874595784,10.318471764060186,0.04835294227523512,0.03115863033396149,0.0,-0.06724886508831945,0.14839738166753388,1.1558790340599003,0.08366284958086721,0.08561838365323148,0.0,450.7268313576506,452.38978540587186,450.82379265666924,452.06922479206315
0.6000000000000002,-0.01588217425433445,0.03593152258221735,10.391886995308814,0.05343868282400965,0.04093468123530286,0.0,-0.09213091224182664,0.18465261470044644,1.2910852997394808,0.07940332215334336,0.10804225104468845,0.0,448.2274140917316,450.053131072776,450.429814441859,450.09064803762493
0.6600000000000003,-0.022265124644896397,0.04810200745868009,10.471719655810768,0.0588578975938745,0.05024408731524854,0.0,-0.12153498665661802,0.22156730383551004,1.3698366530677886,0.06925617931348005,0.12529865439079152,0.0,431.1520140494688,432.6193104161094,433.22849370862264,432.379284927984
0.7200000000000003,-0.030616082432133127,0.06254594128482922,10.55552581012688,0.06301544348134946,0.07542729523076197,0.0,-0.15918543126684057,0.2602805920389547,1.4234663033684005,0.06675114993192775,0.1701550267588474,0.0,422.40313286380876,426.27289928865605,424.9908448433677,424.7798699865919
0.7800000000000004,-0.04168284505267455,0.07940694227835633,10.642716110177675,0.0683930065747429,0.08714702768965843,0.0,-0.21084193904299994,0.3022440690185846,1.4826673443024385,0.07844026003109379,0.15543748157616,0.0,427.85126518089197,426.62383248731925,426.20025161921586,427.2021032186661
0.8400000000000004,-0.056669372951489286,0.09934113677731544,10.739941932824008,0.07381680041800287,0.10097707828623292,0.0,-0.2904188546770849,0.36287023445877226,1.7575820309101646,0.08659532455335381,0.17751510650893337,0.0,491.62268249391394,493.2780737025693,493.39331214408037,493.99957566006896
0.9000000000000005,-0.07680968416698133,0.1230697607904055,10.853789913864418,0.08024920979119798,0.11450639352301639,0.0,-0.38264491377230936,0.4288737017772456,2.036612258044944,0.0731537422548723,0.1576900234047711,0.0,496.1976545319226,494.7650175530551,496.05574110713326,495.07250690909456
0.9600000000000005,-0.1020115930054574,0.15035435803568806,10.977464659820853,0.08472411358028253,0.12396548840119959,0.0,-0.4583063864458887,0.481017346574007,2.085620158344109,0.06852948081586233,0.155409286305405,0.0,426.62959137206104,426.4592843437104,427.4975079248595,427.107489925343
1.0200000000000005,-0.1318946542576393,0.18084310784926624,11.103663797771915,0.09617867544322944,0.1360091940466006,0.0,-0.5388876990038718,0.5363363454533844,2.12067447690681,0.037620958322475084,0.17231180059952272,0.0,422.01352910300506,423.4960311626192,424.4975645619368,421.839653114152
1.0800000000000005,-0.1673244926378881,0.2151301189283822,11.234959397381497,0.10053901829199052,0.16307055184942687,0.0,-0.6449303177577375,0.6069367731880662,2.2550663369514616,0.05235217008986812,0.2159230162554792,0.0,453.8469140769101,457.36669705528215,455.40337011400055,456.5810727273265
1.1400000000000006,-0.20937337165889705,0.2535653722737621,11.372553487060925,0.10406581989060548,0.17635198498841298,0.0,-0.7579907510755793,0.674526766030293,2.330927331491038,0.0580599179797457,0.20835213785335624,0.0,439.5639493849795,438.9816693037644,438.149329971682,438.6255943455301
1.2000000000000006,-0.2592557723275179,0.2965785664087132,11.518966570864613,0.10836735433269151,0.18899951040439333,0.0,-0.906188449235398,0.7596756100307401,2.5486133329102882,0.04687995708480271,0.20279058790669915,0.0,483.5760049489919,483.1950628522167,484.32438393164017,483.4845317542092
1.2600000000000007,-0.31726186721588834,0.3441770545926807,11.672765784680205,0.11134750579705965,0.20547809404554052,0.0,-1.0288664625722004,0.8271566749748316,2.5775340289913564,0.041040410880624,0.17881252824395483,0.0,427.6248642541886,425.6163314689794,426.3705675554522,425.8726372634007
1.3200000000000007,-0.3838230106646127,0.3963665698479692,11.832486254633947,0.11905189725564203,0.21726395627520834,0.0,-1.1910851875521555,0.913227289192692,2.7455685561697805,0.06494943193542017,0.16628458332386162,0.0,473.0841691357109,472.1459535654436,470.1793096092913,472.02936879033825
1.3800000000000008,-0.45950399741761333,0.45340014123364875,11.998293135841198,0.12293957233921482,0.22755592498847133,0.0,-1.3325530227411648,0.9881852315657019,2.780852368169071,0.064320037602276,0.15882011629439535,0.0,432.2984249783514,431.6954259808412,431.0305707762612,430.98059957585286
1.4400000000000008,-0.5440778343676734,0.5151170767826025,12.167035911855034,0.13073869281547879,0.23788563131154294,0.0,-1.4875418743205742,1.069695119279814,2.8432595372417286,0.08489645228198295,0.1477447588770553,0.0,441.230791421417,440.33847626274854,441.5500523958507,443.2482791056297
1.5000000000000009,-0.6384255016174529,0.582029348343391,12.340493751139245,0.14375227816884006,0.25080409334815457,0.0,-1.6585952177952887,1.1619477098948083,2.9377108154383302,0.05284447148891198,0.16863207893007087,0.0,453.73443272204065,455.4302899993268,453.7663618984593,451.1902325212
1.560000000000001,-0.7431934037782864,0.6546337674195684,12.51911176073743,0.147144928178502,0.2609550113600321,0.0,-1.8346086636078565,1.2584190661544747,3.015490937779858,0.046345270427757525,0.1697551480121038,0.0,449.47187725434134,449.5898889759539,450.9821349396849,450.4584519725651
1.620000000000001,-0.8596211724185141,0.7335650486225527,12.705569399531115,0.1511807795281186,0.27239171517262584,0.0,-2.047451489282483,1.372875656461361,3.198545366494398,0.057476126420131154,0.18086699014708454,0.0,484.4409444053506,485.30194971705197,484.0601317560042,484.89841573105576
1.680000000000001,-0.9879054961514218,0.8188073326680382,12.898745513764018,0.15639531353466563,0.283247556820597,0.0,-2.2296596126560977,1.4689046049590508,3.239899330801088,0.04166909419914888,0.17828680551551554,0.0,442.09528906158994,441.9141397942716,443.5767027724632,442.27843095605766
1.740000000000001,-1.128492475593616,0.9105053797230328,13.098209967426577,0.16073948340017008,0.29394876498380107,0.0,-2.457590292909413,1.587943122569246,3.40761404501985,0.05539276674196417,0.1756989588715804,0.0,484.3454572945009,484.1783055868278,483.87408725972375,484.90726184016137
1.8000000000000012,-1.2814287336239532,1.0085945646002499,13.302516331364787,0.16641412631354502,0.30458657765081476,0.0,-2.641194645195109,1.6820452349932775,3.4019318873738507,0.07103194538384588,0.17089948421835968,0.0,430.99028625931993,430.61463084246134,430.77973023218345,432.1030291861161
1.8600000000000012,-1.445456677896165,1.1123633036662222,13.506010255658898,0.17670976020817886,0.3149206993294049,0.0,-2.8272718160338104,1.7776763715926325,3.380473032830795,0.04289671470232755,0.16637253586264517,0.0,426.75639253567755,426.3985903938902,429.23554419639663,426.84389875016996
1.9200000000000013,-1.6219053840345126,1.2225753946115876,13.71132247111345,0.17977717666920334,0.3251215174579567,0.0,-3.055234489998053,1.8961288658720328,3.4621825824195827,0.04948583489624432,0.1704305582403901,0.0,463.21766879171076,463.56234986659194,463.37043066098715,463.88925972784335
1.9800000000000013,-1.8124339470452981,1.3400256559442774,13.921923537265371,0.18401858529218718,0.33816190330653306,0.0,-3.296882006635413,2.019040688640324,3.556479992593043,0.03587142182470575,0.15081239669844987,0.0,471.6603842049643,470.16668781913853,469.77362456460355,468.71771674407046
2.0400000000000014,-2.0179996385373333,1.4650486322937,14.13877105038334,0.1899296697641919,0.350735180988349,0.0,-3.5563640666404757,2.1487110696916836,3.6701973091726665,0.013399339670990305,0.17021198685895278,0.0,478.3693951103229,479.86598294165145,480.2273310349828,478.519728653069
2.1000000000000014,-2.238573018008678,1.5974962078281398,14.360068046537691,0.19198117206035015,0.3615913606406309,0.0,-3.79696156007258,2.2661230105040433,3.7052735736528413,0.024493403307272055,0.1778797610865518,0.0,456.8522966254686,457.49110699702885,456.5548888717415,457.4392246257814
2.1600000000000015,-2.4727734044236973,1.7364906249767131,14.580688108886042,0.1985906159002102,0.37328877079999323,0.0,-4.01064172666436,2.367372529292089,3.6479101644569334,-0.0015706848995744142,0.18783191217051973,0.0,427.4722708562838,428.35275470477814,428.9452727444724,426.72573024343916
2.2200000000000015,-2.7208651673944932,1.8820531854681741,14.799872395327167,0.2026348954343078,0.38757898850932815,0.0,-4.260204943848632,2.4847396413736775,3.6569439457574515,0.01954666113732248,0.2057062146494184,0.0,452.7756753278525,454.2474228379183,451.727136899265,453.42701467409074
2.2800000000000016,-2.984573795516655,2.0348637646681795,15.020336185787388,0.20401162716693122,0.40003424707052826,0.0,-4.531054563149881,2.6087228113531835,3.6904671905029587,0.013256233685272725,0.2006332011069749,0.0,463.81923654631703,463.45956777124263,465.06025073263663,464.56711675651167
2.3400000000000016,-3.2643434789771675,2.1948725763935535,15.24160714410731,0.2049361470740756,0.4167695227909869,0.0,-4.795904431461294,2.7246015314822216,3.6837868142611816,0.016171735068854724,0.17565973355677725,0.0,455.2142818266607,453.2464121476084,453.53470754506833,453.7687385127284
2.4000000000000017,-3.560117007414427,2.3617170343213316,15.461899293018629,0.20670626967679695,0.4300091737648355,0.0,-5.064187800506879,2.8366947721077183,3.6580214800233457,0.00510165225358703,0.19249876158733098,0.0,449.34177376160085,450.73635862109614,451.5929314489755,450.6988211097564
2.4600000000000017,-3.8733592233256458,2.535780127181824,15.682884473644497,0.21072442001943603,0.44155486504189234,0.0,-5.377993507653604,2.9653639663698796,3.7063550712342943,-0.017237977672127223,0.19033053616867443,0.0,478.4463098831789,478.3141470229624,479.9443418317121,478.2455356589782
2.520000000000002,-4.203581268665064,2.7166645674940244,15.9022845250916,0.21508691675709013,0.4531793832783322,0.0,-5.630274047569887,3.064171363833496,3.6060099512861243,-0.04391461646111703,0.1942287909709666,0.0,431.36609674908465,431.7321957964775,431.60460449468303,429.34649335392027
2.580000000000002,-4.5508352653453334,2.9042000913920587,16.11885675136379,0.2124996764213618,0.4708284289793152,0.0,-5.946073924836449,3.186245145094864,3.611187754795494,-0.042439600334181635,0.21987663254227946,0.0,469.3293976499687,471.35406109549956,471.5061480014877,471.61918035321213
2.640000000000002,-4.917226985440488,3.0988898528688056,16.335272649964146,0.21065913356926735,0.48440190602267563,0.0,-6.267869668499036,3.30277096534633,3.6009734432028018,-0.05292104550243208,0.22554164190597445,0.0,470.25671752863695,470.7411456428229,469.8235009453452,469.00884089738383
2.700000000000002,-5.302050475331078,3.3000172141568016,16.548771016732477,0.20793611377474708,0.49929520996173604,0.0,-6.56060635864023,3.4008405531410992,3.514284832717183,-0.04665743116493866,0.21150503936195475,0.0,447.0532515914973,445.95590308996316,447.2247398688927,447.73312696431833
2.760000000000002,-5.705214427222937,3.5071035588341357,16.757735894823117,0.20604115716813087,0.5257494119613533,0.0,-6.879836546443487,3.5012634405808347,3.4488257752844844,-0.05834482229405179,0.1696452743996809,0.0,459.5579667083731,456.2642327901133,459.8539724042068,458.9254691582812
2.820000000000002,-6.126967131856472,3.719755954063037,16.96086761284452,0.20298265354686773,0.5419726888093317,0.0,-7.179640597110653,3.5864957012111356,3.3208150861368466,-0.05216253098362487,0.1414851823087396,0.0,442.6988131302742,440.3996780202845,439.9967318912902,440.50621222911565
2.880000000000002,-6.5670544569900136,3.9374383549022873,17.15624535859801,0.20079617091787672,0.5607300194104088,0.0,-7.491027387699119,3.6689596502910686,3.19010275472045,-0.0640695414125458,0.17540720008878802,0.0,442.2113659705816,445.01976230669806,444.1838696090197,443.203885664876
2.940000000000002,-7.02814110980999,4.160601014406089,17.34672238102347,0.19694020973719173,0.5717980130564433,0.0,-7.87902945387012,3.768909188392701,3.1570940942151804,-0.06543200311697603,0.16604087714860064,0.0,483.7138857850917,483.0337549171607,483.3234713300549,483.21806362420347
3.000000000000002,-7.511895332165371,4.38936622750048,17.5337223803972,0.19302663279335874,0.583245173614233,0.0,-8.246714109946913,3.855782216243115,3.0744048341174066,-0.06492297035755915,0.15143804082487952,0.0,471.978904639059,470.8733257200493,469.5409759443796,469.5775863664581
3.0600000000000023,-8.016115522580428,4.622686151301837,17.712841959284468,0.19023325427147508,0.5969838829248344,0.0,-8.561503046226454,3.9209576212933994,2.894880210798851,-0.05456129283700936,0.17389566089253494,0.0,437.3611770083839,439.25258619047236,438.5351369367866,439.3925031661076
3.1200000000000023,-8.53971044131877,4.8598904908596,17.88135312413435,0.18976602798905695,0.6092831761419468,0.0,-8.892420088595747,3.9854078345428614,2.720618422505402,-0.07415227629819503,0.1576842431234988,0.0,445.3155713892493,444.0142870121913,445.08153564124126,443.47203387256195
3.1800000000000024,-9.082622267882051,5.100701735428577,18.038127419476613,0.19730814735768032,0.6216836048426089,0.0,-9.205371916789074,4.041689926145471,2.503668310738504,-0.11330531703678227,0.13766391555163582,0.0,432.92556308068663,431.25940717043375,433.05682913062805,429.742979413718
3.2400000000000024,-9.646584758007151,5.3454263370074235,18.184423127095354,0.1905415150047194,0.6465755701996132,0.0,-9.594344351281825,4.114571566743826,2.369890504730514,-0.1167960727138043,0.18115402418877616,0.0,467.15750698311444,470.55807435631357,469.3710906589513,469.08909076380405
3.3000000000000025,-10.232309632423807,5.593847753889412,18.319837522160572,0.1842287389655617,0.6604893987644811,0.0,-9.930685590658346,4.165338598172496,2.142363636931541,-0.127207742950067,0.1991046015611997,0.0,439.42268804724944,440.9431110804665,438.67476314549174,437.79574306267705
3.3600000000000025,-10.839638624565293,5.845480163385915,18.44285262444446,0.19241563793758498,0.6729691517453782,0.0,-10.313984318543236,4.222396920645876,1.9558112226456548,-0.17199496445585769,0.20599400003622725,0.0,460.2683548351841,460.85164096592104,462.0591975212218,458.4952528365937
3.4200000000000026,-11.47063010524817,6.1006192937295145,18.554915578854253,0.1834792155990339,0.6876693845274966,0.0,-10.719667324714692,4.281041408371649,1.777251777935515,-0.16025639663122915,0.2215947733774029,0.0,468.44318336545086,469.696526930323,469.81737567910096,470.7016299431741
3.4800000000000026,-12.123726807859525,6.3585391677870415,18.65296610777257,0.18459154061716632,0.7043683432430354,0.0,-11.050988937135735,4.315825571354627,1.489151245637166,-0.1255579955704229,0.20014892850273638,0.0,431.66650651698467,429.89934464918184,430.69980835762993,433.60423809685284
3.5400000000000027,-12.799658561039823,6.619068950870339,18.736567378295938,0.188742372730772,0.7179061399843851,0.0,-11.480241233022012,4.368100423930355,1.2946531023489891,-0.1642229996781046,0.18534959469960965,0.0,476.16833573095255,475.0689532063122,477.71960544403396,474.7445892124152
3.6000000000000028,-13.498930439076814,6.882121936050474,18.80517028219707,0.19478625447609144,0.7322225202547665,0.0,-11.8293874334187,4.400034624377613,0.989980095903609,-0.12173061224882055,0.1645297605052191,0.0,438.4996254998342,436.7972851809107,436.62430034793925,440.1350039361093
3.660000000000003,-14.21844619567361,7.146839666925568,18.854171030363513,0.18917773511607905,0.7455453098019422,0.0,-12.155464991926939,4.423206979655664,0.6417573446312327,-0.13724507262272664,0.18371396803534354,0.0,423.70260803781156,425.37896433945446,425.44390607618527,424.09732673069135
3.720000000000003,-14.959203190888996,7.413101358746909,18.883504444336207,0.1809617374710406,0.7566428262325866,0.0,-12.537245260461289,4.451280476310264,0.333972902159824,-0.13652582643216102,0.17928717032819072,0.0,447.9988281883697,447.6704655775865,447.78674999984844,447.8280704008725
3.780000000000003,-15.7246652798387,7.681173967580531,18.895617893006584,0.17467635511266888,0.7784642233319126,0.0,-12.978302854717768,4.4833545829139965,0.06610205813950437,-0.1528985155806474,0.2145432686295437,0.0,470.2675343321449,473.0248954533782,473.16773154505495,471.88758977070466
3.840000000000003,-16.517234545344365,7.951053061596553,18.891532382676278,0.1666768314810705,0.7919981969896863,0.0,-13.440884770848047,4.511528560649036,-0.2055444948277297,-0.16603139839715567,0.20435248429539024,0.0,480.48327932163517,479.750086947757,481.64231171663596,480.6262381304619
3.900000000000003,-17.335134780695466,8.22200570407551,18.86809398097265,0.15828220488551725,0.8046545388325983,0.0,-13.823292091674636,4.519417893269858,-0.5781641023158002,-0.15346609658709903,0.210141538766445,0.0,445.6596418322036,446.1744342411914,444.9548408987545,445.95796736630496
3.960000000000003,-18.176019538891435,8.493250793031581,18.821669331042067,0.1491487593732188,0.8205534588455823,0.0,-14.206897185894984,4.521266334047038,-0.9721306102012666,-0.15788968787354696,0.22884720409523973,0.0,443.3668675328968,444.94803271098,443.8590288019985,443.4729271803768
4.020000000000002,-19.039313515390152,8.764341897543003,18.75034161106317,0.1396754828404081,0.8351517831155384,0.0,-14.57050915648356,4.51440759743298,-1.4080754370402704,-0.1578844670271145,0.2379190157414583,0.0,432.9380252227104,433.75600574769,432.7465157124225,432.7225883761154
4.080000000000001,-19.92430679759185,9.03484569342397,18.652039679218582,0.13036207279324952,0.8503774056447266,0.0,-14.930207379779286,4.501756489284416,-1.8714201310432357,-0.16362442106835845,0.24746452842160363,0.0,427.96405327746857,428.8366032103137,429.07886275706585,428.56575442271725
4.14,-20.831482893516778,9.30451459080393,18.525721747139393,0.12461823777129943,0.8663910551003058,0.0,-15.30962414905096,4.486627971006585,-2.342371286933077,-0.186967786272364,0.2581513368189178,0.0,434.4213442285996,435.3816495537622,435.4066283302773,433.41923426073447
4.199999999999998,-21.765828398947644,9.5735997483875,18.374069241031027,0.11394985848457218,0.8821807139894835,0.0,-15.834945427842573,4.481922711823228,-2.7174872153723353,-0.1963791468950502,0.2630743981950661,0.0,491.54052998444473,491.9661609086837,490.97498633102265,490.24445782255293
4.259999999999997,-22.72856339738221,9.84193513055751,18.196433648153675,0.10263025052585117,0.8979949343365874,0.0,-16.256698836761036,4.4619796736255015,-3.207635437216975,-0.2051316533851883,0.2641120357879179,0.0,452.0033301056933,452.15560388565376,451.94188238942894,451.1972852430262
4.319999999999996,-23.71838427362471,10.109096156245299,17.989910665662048,0.1041382372286197,0.9278482878303702,0.0,-16.735209884861693,4.4427051253414085,-3.6826359749166664,-0.1655978702025915,0.2218952731200157,0.0,475.516370958657,472.32842053051775,473.69989987304467,476.69850650148777
4.379999999999995,-24.733384095552907,10.374725296186815,17.751350187747303,0.0948071373009638,0.9419096559379536,0.0,-17.099035442392008,4.411240938909325,-4.273045943290869,-0.175402215015218,0.2111459339113579,0.0,434.10249174836713,433.2475074039532,434.1635091092541,433.31154061725255
4.439999999999993,-25.77216144047448,10.638517334784353,17.47786902655744,0.08428554097199115,0.9547069855388344,0.0,-17.527505176140856,4.381445175434983,-4.8473833109541715,-0.1779252206807837,0.20583693977113954,0.0,457.2084299528636,456.8268733808557,455.9734070222903,455.7426171562284
4.499999999999992,-26.83417883897979,10.900300535147375,17.167196394233656,0.07375512851167798,0.969318056870839,0.0,-17.87422247859911,4.344519976041328,-5.512411388964669,-0.1834686618385071,0.22115051457319704,0.0,421.6250343356746,422.9931691377781,423.3353834453471,422.82479249219745
4.559999999999991,-27.92068491763575,11.16001368119262,16.818135044557074,0.06601173424727591,0.9835190258500468,0.0,-18.342647833468792,4.312287064767291,-6.128375367014446,-0.20449945268417435,0.20930593009455367,0.0,466.7301508202157,465.8485482614049,468.2753639087879,466.60216805999323
4.6199999999999894,-29.032991197565,11.417645578526711,16.429474822641602,0.05396266837277697,1.0014254818591564,0.0,-18.73434228205205,4.275444336086526,-6.8323696033084875,-0.20041391946935785,0.18274290877044205,0.0,439.61038921193756,437.4425368981427,438.23462250206694,438.5332076366514
4.679999999999988,-30.17018724500379,11.673121097525337,15.998312722685444,0.041937520312586685,1.0129089954347625,0.0,-19.173183298658568,4.240502544957655,-7.545302570565754,-0.20042964960166887,0.1735595058750486,0.0,455.1516902601318,454.44609330406377,454.68513086966595,454.64552081031763
4.739999999999987,-31.333412845445807,11.926517143747969,15.522892570871488,0.029922327362632117,1.0234272318866244,0.0,-19.60244586486358,4.206300360992226,-8.307854059246594,-0.1999837108974798,0.16861634103120482,0.0,449.97508277125183,449.6024915569308,447.0159325329814,447.01326544137686
4.799999999999986,-32.524432620831654,12.177935809685458,15.001576910568778,0.029664734996130093,1.033581363799419,0.0,-20.098823707045966,4.174134587583972,-9.075910805256125,-0.23874060361477867,0.16984438548349948,0.0,468.5505903854609,468.6718489556271,471.5568196346477,468.50932988246865
4.859999999999984,-33.74267612687122,12.427372888430353,14.431208777627262,0.016041294119589544,1.0496812504718491,0.0,-20.509913565165437,4.141070328037974,-9.943416915159318,-0.23069218221145743,0.19529930484396069,0.0,436.5097926100165,438.6614732596714,436.838591678086,437.45311432939394
4.919999999999983,-34.98757106435387,12.674982093884783,13.808378243504603,0.002839099119505306,1.0615785884689917,0.0,-20.987635297749513,4.113318403067598,-10.825421536811294,-0.22305270042353834,0.1893054411350491,0.0,460.6353754863145,460.1958719160293,458.32050678099625,458.8777394105195
4.979999999999982,-36.25853160691366,12.921092582678574,13.129452095000056,6.272629663285484,1.0786775362141734,0.0,-21.378125319961516,4.091454544819585,-11.813603150160663,-0.22448647880711073,0.16183035414730368,0.0,427.8635899364088,425.54934741890486,425.63083435042716,425.45603807685
5.0399999999999805,-37.55447028788299,13.166101343139372,12.390302982642337,6.265504783741269,1.092134140482524,0.0,-21.820853903894143,4.076278285534648,-12.83355693507414,-0.1980698522349875,0.1818673069067077,0.0,442.2455721583041,443.92129100751987,442.4757945637374,444.6007199152108
